n = 10;
m = 16;
maxTime = 1440; 
delayTime = 5;
delayTrain = 2;
delayDuration = 5;
distance = [2.1082354, 3.6853886, 5.5844098, 8.7065294, 8.931837, 12.1022368, 14.033444800000002, 17.0107238, 18.829278, 23.4641772, 25.105704, 42.5831364, 44.192476400000004, 48.875655800000004, 49.88954];
passengerStart = [0,0,6,14,0,6,14,0,6,0];
passengerFlow = [0,10,10,10,10,10,10,10,10,0];
scheduledArrival = [|0, 5, 13, 21, 29, 36, 43, 50, 57, 64,
|10, 15, 23, 31, 39, 46, 53, 60, 67, 74,
|20, 25, 33, 41, 49, 56, 63, 70, 77, 84,
|30, 35, 43, 51, 59, 66, 73, 80, 87, 94,
|40, 45, 53, 61, 69, 76, 83, 90, 97, 104,
|50, 55, 63, 71, 79, 86, 93, 100, 107, 114,
|60, 65, 73, 81, 89, 96, 103, 110, 117, 124,
|70, 75, 83, 91, 99, 106, 113, 120, 127, 134,
|80, 85, 93, 101, 109, 116, 123, 130, 137, 144,
|90, 95, 103, 111, 119, 126, 133, 140, 147, 154|];
scheduledDeparture = [|0, 8, 16, 24, 32, 39, 46, 53, 60, 67,
|10, 18, 26, 34, 42, 49, 56, 63, 70, 77,
|20, 28, 36, 44, 52, 59, 66, 73, 80, 87,
|30, 38, 46, 54, 62, 69, 76, 83, 90, 97,
|40, 48, 56, 64, 72, 79, 86, 93, 100, 107,
|50, 58, 66, 74, 82, 89, 96, 103, 110, 117,
|60, 68, 76, 84, 92, 99, 106, 113, 120, 127,
|70, 78, 86, 94, 102, 109, 116, 123, 130, 137,
|80, 88, 96, 104, 112, 119, 126, 133, 140, 147,
|90, 98, 106, 114, 122, 129, 136, 143, 150, 157|];
capacity = 500;
